903.5
1430.5
915.5
842.3
870.6
1017.9
1125.1
619.8
771.5
615.9
889.8
998.3
894.1
1555.8
942.4
535
837
988.6
1051.3
1336
774.8
1325.9
1296.5
1295.7
1443.6
836.8
1081.5
994.3
1350.5
1022.6
1056.7
1062.5
1358.9
751.9
857.5
1311.5
740.7
801.8
779.7
968.8
1274.1
596.9
1254.1
1272.1
1127.1
959.1
839.5
770.4
512.3
788
1161.7
718.3
780.5
1085.7
975.8
483.2
1005.5
995.5
392.5
890.1
1031.3
776.9
1064.1
658.9
753.7
800.7
816.2
933.2
797.7
635.6
1401.8
1096.4
947.9
502.3
594.5
580.6
1381.4
981.2
1209.6
747.9
599.7
906.6
768.1
729
822
662.9
923
720
917.8
948.1
952.4
1089.8
763.5
706.9
930
697
706
651.9
559.9
796.5
319.7
229.9
284.9
1306.8
840.7
1544.9
1014
1226.2
908.5
874.2
2041.1
1526.7
905.5
1179.9
1592.6
